637
825
558 702
557 703
556 703
556 704
555 705
555 706
554 707
554 709
555 710
555 712
557 714
559 714
560 715
562 715
563 714
565 714
566 713
566 712
567 711
567 705
564 702
----------
558 703
559 702
563 702
567 706
567 710
566 711
566 712
564 714
563 714
562 715
560 715
559 714
558 714
555 711
555 710
554 709
554 707
556 705
556 704
557 703
----------
440 702
437 705
437 707
436 708
436 709
437 710
437 712
439 714
441 714
442 715
444 715
445 714
447 714
448 713
448 712
449 711
449 705
446 702
----------
441 702
445 702
449 706
449 710
448 711
448 712
446 714
445 714
444 715
442 715
441 714
440 714
437 711
437 710
436 709
436 708
437 707
437 706
----------
322 702
319 705
319 707
318 708
318 709
319 710
319 712
321 714
323 714
324 715
326 715
327 714
329 714
330 713
330 712
331 711
331 705
328 702
----------
323 702
327 702
331 706
331 710
330 711
330 712
328 714
327 714
326 715
324 715
323 714
322 714
319 711
319 710
318 709
318 708
319 707
319 706
----------
204 702
203 703
202 703
201 704
201 706
200 707
200 710
201 711
201 712
203 714
205 714
206 715
208 715
209 714
210 714
211 713
212 713
212 711
213 710
213 706
212 705
212 704
211 703
210 703
209 702
----------
204 703
205 702
209 702
213 706
213 710
212 711
212 712
211 713
210 713
208 715
206 715
205 714
204 714
200 710
200 707
201 706
201 705
203 703
----------
86 702
85 703
84 703
84 704
83 705
83 706
82 707
82 709
83 710
83 712
85 714
87 714
88 715
90 715
91 714
93 714
94 713
94 712
95 711
95 705
92 702
----------
86 703
87 702
91 702
95 706
95 710
94 711
94 712
92 714
91 714
90 715
88 715
87 714
86 714
83 711
83 710
82 709
82 707
84 705
84 704
85 703
----------
558 584
557 585
556 585
555 586
555 588
554 589
554 591
555 592
555 594
557 596
560 596
561 597
562 596
564 596
567 593
567 587
564 584
----------
558 585
559 584
563 584
567 588
567 592
563 596
562 596
561 597
560 596
558 596
555 593
555 592
554 591
554 589
555 588
555 587
557 585
----------
440 584
439 585
438 585
437 586
437 588
436 589
436 591
437 592
437 594
439 596
442 596
443 597
444 596
446 596
447 595
448 595
448 594
449 593
449 587
446 584
----------
440 585
441 584
445 584
449 588
449 592
448 593
448 594
447 595
446 595
445 596
444 596
443 597
442 596
440 596
437 593
437 592
436 591
436 589
437 588
437 587
439 585
----------
322 584
321 585
320 585
320 586
319 587
319 589
318 590
319 591
319 594
321 596
324 596
325 597
326 596
328 596
329 595
330 595
330 594
331 593
331 587
328 584
----------
322 585
323 584
327 584
331 588
331 592
330 593
330 594
329 595
328 595
327 596
326 596
325 597
324 596
322 596
319 593
319 591
318 590
319 589
319 588
320 587
320 586
321 585
----------
203 584
201 586
201 588
200 589
200 591
201 592
201 594
203 596
206 596
207 597
208 596
210 596
213 593
213 587
210 584
----------
204 584
209 584
213 588
213 592
209 596
208 596
207 597
206 596
204 596
201 593
201 592
200 591
200 589
201 588
201 587
----------
86 584
85 585
84 585
83 586
83 588
82 589
82 591
83 592
83 594
85 596
88 596
89 597
90 596
92 596
95 593
95 587
92 584
----------
86 585
87 584
91 584
95 588
95 592
91 596
90 596
89 597
88 596
86 596
83 593
83 592
82 591
82 589
83 588
83 587
85 585
----------
558 466
557 467
556 467
555 468
555 470
554 471
554 473
555 474
555 476
557 478
559 478
560 479
561 479
562 478
564 478
565 477
566 477
566 476
567 475
567 469
564 466
----------
558 467
559 466
563 466
567 470
567 474
566 475
566 476
565 477
564 477
563 478
562 478
561 479
560 479
559 478
558 478
555 475
555 474
554 473
554 471
555 470
555 469
557 467
----------
440 466
439 467
438 467
438 468
437 469
437 470
436 471
436 473
437 474
437 476
439 478
441 478
442 479
443 479
444 478
446 478
447 477
448 477
448 476
449 475
449 469
446 466
----------
440 467
441 466
445 466
449 470
449 474
448 475
448 476
447 477
446 477
445 478
444 478
443 479
442 479
441 478
440 478
437 475
437 474
436 473
436 471
438 469
438 468
439 467
----------
322 466
321 467
320 467
320 468
319 469
319 471
318 472
318 473
319 474
319 476
321 478
323 478
324 479
325 479
326 478
328 478
329 477
330 477
330 476
331 475
331 469
328 466
----------
322 467
323 466
327 466
331 470
331 474
330 475
330 476
329 477
328 477
327 478
326 478
325 479
324 479
323 478
322 478
319 475
319 474
318 473
318 472
319 471
319 470
320 469
320 468
321 467
----------
204 466
203 467
202 467
201 468
201 470
200 471
200 473
201 474
201 476
203 478
205 478
206 479
207 479
208 478
210 478
213 475
213 469
210 466
----------
204 467
205 466
209 466
213 470
213 474
209 478
208 478
207 479
206 479
205 478
204 478
201 475
201 474
200 473
200 471
201 470
201 469
203 467
----------
86 466
85 467
84 467
83 468
83 470
82 471
82 473
83 474
83 476
85 478
87 478
88 479
89 479
90 478
92 478
95 475
95 469
92 466
----------
86 467
87 466
91 466
95 470
95 474
91 478
90 478
89 479
88 479
87 478
86 478
83 475
83 474
82 473
82 471
83 470
83 469
85 467
----------
558 348
557 349
556 349
555 350
555 352
554 353
554 355
555 356
555 358
557 360
559 360
560 361
561 361
562 360
564 360
565 359
566 359
566 358
567 357
567 351
564 348
----------
558 349
559 348
563 348
567 352
567 356
566 357
566 358
565 359
564 359
563 360
562 360
561 361
560 361
559 360
558 360
555 357
555 356
554 355
554 353
555 352
555 351
557 349
----------
440 348
439 349
438 349
438 350
437 351
437 353
436 354
436 355
437 356
437 358
439 360
441 360
442 361
444 361
445 360
446 360
447 359
448 359
448 358
449 357
449 351
446 348
----------
440 349
441 348
445 348
449 352
449 356
448 357
448 358
447 359
446 359
444 361
442 361
441 360
440 360
437 357
437 356
436 355
436 354
437 353
437 352
438 351
438 350
439 349
----------
322 348
321 349
320 349
320 350
319 351
319 353
318 354
318 355
319 356
319 358
321 360
323 360
324 361
326 361
327 360
329 360
330 359
330 358
331 357
331 351
328 348
----------
322 349
323 348
327 348
331 352
331 356
330 357
330 358
328 360
327 360
326 361
324 361
323 360
322 360
319 357
319 356
318 355
318 354
319 353
319 352
320 351
320 350
321 349
----------
204 348
203 349
202 349
201 350
201 352
200 353
200 355
201 356
201 358
203 360
205 360
206 361
207 361
208 360
210 360
213 357
213 351
210 348
----------
204 349
205 348
209 348
213 352
213 356
209 360
208 360
207 361
206 361
205 360
204 360
201 357
201 356
200 355
200 353
201 352
201 351
203 349
----------
86 348
85 349
84 349
83 350
83 352
82 353
82 355
83 356
83 358
85 360
87 360
88 361
89 361
90 360
92 360
93 359
94 359
94 358
95 357
95 351
92 348
----------
86 349
87 348
91 348
95 352
95 356
94 357
94 358
93 359
92 359
91 360
90 360
89 361
88 361
87 360
86 360
83 357
83 356
82 355
82 353
83 352
83 351
85 349
----------
557 230
555 232
555 234
554 235
554 237
555 238
555 240
557 242
564 242
567 239
567 233
564 230
----------
558 230
563 230
567 234
567 238
563 242
558 242
555 239
555 238
554 237
554 235
555 234
555 233
----------
439 230
437 232
437 234
436 235
436 237
437 238
437 240
439 242
446 242
449 239
449 233
446 230
----------
440 230
445 230
449 234
449 238
445 242
440 242
437 239
437 238
436 237
436 235
437 234
437 233
----------
321 230
319 232
319 235
318 236
319 237
319 240
320 241
321 241
322 242
328 242
331 239
331 233
330 232
330 231
329 231
328 230
----------
322 230
327 230
328 231
329 231
330 232
330 233
331 234
331 238
327 242
323 242
322 241
321 241
319 239
319 237
318 236
319 235
319 233
----------
203 230
201 232
201 234
200 235
200 237
201 238
201 240
203 242
210 242
213 239
213 233
210 230
----------
204 230
209 230
213 234
213 238
209 242
204 242
201 239
201 238
200 237
200 235
201 234
201 233
----------
85 230
83 232
83 234
82 235
82 237
83 238
83 240
85 242
92 242
95 239
95 233
92 230
----------
86 230
91 230
95 234
95 238
91 242
86 242
83 239
83 238
82 237
82 235
83 234
83 233
----------
557 112
555 114
555 116
554 117
554 119
555 120
555 122
557 124
564 124
567 121
567 115
564 112
----------
558 112
563 112
567 116
567 120
563 124
558 124
555 121
555 120
554 119
554 117
555 116
555 115
----------
440 112
439 113
438 113
437 114
437 116
436 117
436 119
437 120
437 122
439 124
446 124
449 121
449 115
446 112
----------
440 113
441 112
445 112
449 116
449 120
445 124
440 124
437 121
437 120
436 119
436 117
437 116
437 115
439 113
----------
322 112
321 113
320 113
319 114
319 117
318 118
319 119
319 122
321 124
328 124
329 123
330 123
330 122
331 121
331 115
328 112
----------
322 113
323 112
327 112
331 116
331 120
330 121
330 122
329 123
328 123
327 124
322 124
319 121
319 119
318 118
319 117
319 115
321 113
----------
203 112
201 114
201 116
200 117
200 119
201 120
201 122
203 124
210 124
213 121
213 115
210 112
----------
204 112
209 112
213 116
213 120
209 124
204 124
201 121
201 120
200 119
200 117
201 116
201 115
----------
85 112
83 114
83 116
82 117
82 119
83 120
83 122
85 124
92 124
95 121
95 115
92 112
----------
86 112
91 112
95 116
95 120
91 124
86 124
83 121
83 120
82 119
82 117
83 116
83 115
----------
